function Geo = get_MPEX_geometry

data = [...
-123.228	-313.00	0	0
-123.228	-313.00	15.75	40.0
-74.978	-190.44	15.75	40.0
-72.768	-184.83	3.25	8.3
-59.519	-151.18	3.25	8.3
-59.519	-151.18	3.625	9.2
-30.414	-77.25	3.625	9.2
-30.414	-77.25	9.475	24.1
-17.514	-44.49	9.475	24.1
-17.514	-44.49	6.625	16.8
-16.394	-41.64	6.625	16.8
-16.394	-41.64	3.96	10.1
-8.484	-21.55	3.96	10.1
-8.484	-21.55	2.485	6.3
9.156	23.26	2.485	6.3
8.819	22.40	2.45	6.2
19.689	50.01	2.09	5.3
19.689	50.01	9.49	24.1
32.589	82.78	9.49	24.1
32.589	82.78	2.09	5.3
33.839	85.95	2.09	5.3
33.839	85.95	3.625	9.2
79.549	202.05	3.625	9.2
79.549	202.05	4.475	11.4
99.549	252.85	4.475	11.4
99.549	252.85	1.985	5.0
107.449	272.92	1.985	5.0
107.449	272.92	5.75	14.6
116.929	297.00	5.75	14.6
116.929	297.00	2.39	6.1
122.989	312.39	2.39	6.1
122.989	312.39	4.475	11.4
142.989	363.19	4.475	11.4
142.989	363.19	2.65	6.7
156.239	396.85	2.65	6.7
156.239	396.85	1.075	2.7
187.139	475.33	1.075	2.7
187.139	475.33	3.615	9.2
220.119	559.10	3.615	9.2
220.119	559.10	5	12.7
224.119	569.26	5	12.7
224.119	569.26	4.75	12.1
242.419	615.74	4.75	12.1
242.419	615.74	5	12.7
246.419	625.90	5	12.7
251.419	638.60	2.015	5.1
251.419	638.60	1.075	2.7
252.669	641.78	1.075	2.7
252.669	641.78	6.625	16.8
253.15	643.00	6.625	16.8
253.15	643.00	9.44	24.0
308.15	782.70	9.44	24.0
308.15	782.70	0	0
];

Geo.Vessel.r = data(:,4)./100;
Geo.Vessel.z = data(:,2)./100;

Geo.Target.z = 782.7./100;
Geo.Target.r = 2.5./100;



